7742650141
8643632372
9014934892
8155792273
5188132881
9032717553
4402587146
7732406109
8326228291
4794772013
2156515687
2485085026
4127191663
5046554672
5407601290
4235522888
9083976119
5407846967
9096419406
8502065934
8033155704
7573447677
2083128264
9176935800
9105918009
2142545082
9092352291
2709918407
5188945373
7737326721
7037280324
5205077269
5125772318
6144834865
4136578051
9093768215
7042413490
5028810737
5138083598
6062333353
3038079013
4147370612
6063120790
7247100439
5102077220
7739308375
3154918532
8016991654
9893391753
8705197822
7143506478
7069873769
2024948601
3045824645
9082563644
2087396803
9702319813
5854696980
6094082278
8622369388
9374142568
9788664803
2034703132
8034277316
9033888894
2159091714
9183156056
3617778462
6053800316
6185410219
9206041193
8284233630
6014104390
8457022184
2096292604
2545956048
4802729117
2104000797
2345641960
5623268011
4803061601
2295752286
7703779536
4079738255
7656025107
2102183635
7324231768
7064241750
2108629067
5133838639
7575440295
2695486062
3235012562
4434168673
4357496666
3015032765
9514541883
7133986275
2025315886
9175847549
4156059948
5103031417
3852013432
7348911345
8594370556
9178383459
7192915127
2532093847
6034918917
5124155226
9859695239
5862434594
7346123702
6318738820
7869721990
5733002193
5639206966
2054719764
9103827940
3036683022
6786304531
4157309704
7653765491
4199571570
8019412151
3216938579
2544236655
7028064036
2054400449
3059515504
7736559042
8594332575
6066877504
5592600972
7146759803
6143480268
9137079676
6415693508
7044914268
4406652244
3182787392
8102658539
9736404216
4109057227
9177215433
7025260320
4236539301
6029044781
8598789203
4028304634
8123967046
5128209560
9562024800
5402572045
2057677020
5052350433
3867170717
2293081969
9519908784
8013805152
5204996399
2192295885
9314342483
2513624983
2696014558
7174192372
8327908886
8054525361
8178887925
7602072541
6016979690
4044537443
5129667864
2257217283
7024268407
3472343166
5612145710
7063501920
2099852042
9189641620
5042580175
7146735669
3176917883
7177157530
2054703457
7062011071
9733568290
7066172750
6467977293
2542065587
2692707789
7138820574
8452164243
3364696126
9178544412
8508264343
6153080564
8064069219
5037086467
4327889891
6023919189
5164431324
8179967199
4044279451
8063923471
8509827956
8169187040
7608451080
7862583745
9252123589
9044852749
4052680014
6187091940
7329485477
5054195221
8328891739
3604210534
3072479024
7194295012
5155779977
7146247061
7402961743
8434241522
6027179074
7046228897
8569792559
7742652930
9092533134
6199427745
4242078370
9565343980
7572088527
9092139352
2489330181
9106335511
2485219095
3144959227
5417061737
6067653722
3343572729
9198090160
8657719024
4022090465
4055385343
8329713267
2055700633
2162466212
6063154791
8302122298
7202566739
3045316934
3523165641
3376608201
9188825931
7023789074
8137636314
2517515105
6023963300
9547782686
2254075192
2102751303
3184466031
3056846430
6066878317
9043143045
3155152097
6606761000
2706045992
2175971093
4199613461
3104935371
7243550112
9372042685
5056355975
7403125137
4077917900
2135951953
9196025090
9093679286
6308547866
5757046330
6103499390
5056200813
9857141957
7044501422
9043003855
8142430463
3102915083
7707128334
7156518268
7865253901
2192294217
3054398325
7792369035
8023454452
9376704267
6783401823
5097687873
7657217068
8704062286
5173887369
8163459471
5417613797
9312642822
4147372798
7195807853
4064260208
6364661985
9035061970
5057103445
3365215042
2513491799
9126909549
8282056766
2316795845
6617471078
5403305198
4145220833
7738507199
6318486850
7576947990
6023298998
2158012304
4026726466
5049190308
6035405047
4046455682
9709804524
4028052504
5418526300
2676406275
3184758311
8479876887
5126564883
8643037311
7082780048
6143951939
9407332015
2707036657
9856302719
3238304725
2025603599
5046064743
4849512332
4138835086
2149066372
6035206274
4077918250
3039957818
6024185110
9375241070
5628963296
6624355205
3098838618
8034637910
6066253110
5626860985
9737688171
9123146549
6146000982
2146493574
2156304261
3122089802
3024161730
6789360583
4237746742
5164067489
5125430433
8035691283
9196234242
9105367599
7609542446
5123187099
4693386989
3202904742
5802779182
4068604737
6087742387
3172584615
7042871000
6027546509
5615748951
7143817184
9314347679
5707163222
2563643678
7047914372
6302537560
2563682161
3373210244
7169084070
3173136765
3617429885
2016678819
8015009902
2035892360
6146389477
2253975276
6619786410
8086510285
8456421069
5052637589
9287104528
6108002611
2397842118
7154605411
6095024008
7046890339
8022749805
6148931930
5182219299
9282465332
6362970459
6616456951
9407339779
7654180710
6185592580
4195768770
2038503493
5048759815
5709514766
8153556864
7727138222
4358623348
5626193082
9202038352
9103403200
7705721958
6106331141
2067997574
3182187360
2605711141
5159885175
3365835533
5596966584
2059370376
3017429977
4257501564
7147186459
4808615914
6785322710
2179620932
3303106465
6626102385
2075951950
6628163892
9544797519
5187792596
5058601889
5612311369
5597904142
2708602410
5082720246
4692229577
2293143431
9566355974
5738420839
7036257491
7652282117
7068090345
8025796201
6307285050
3035965275
6099220848
8644174626
8126537730
6034986021
3615626298
4128671474
7149316775
3199612373
3153600994
6165511618
7735755503
6157536813
8594083979
7147603009
9189018816
3134109127
7145860105
7346363705
4408134045
2313831598
5415153839
8703214355
6782963069
5104158455
4692637556
5756898843
8323856134
7192980797
9792484250
2187808804
5183693844
9076915145
9168033322
3182455717
5079200727
4792282233
9376545869
6105335427
2514044288
5052888853
3047316449
5016126665
3045932093
5072738669
3023448439
4158168089
6105547155
4242230488
7143178825
3073996746
6624580131
3303902676
3182721141
6233307863
2108593509
2145173888
5742862608
4172540931
5702448871
4093634634
2094955335
2035305679
9109879042
3046290856
6464253803
4803195591
3026328621
8018675302
5127717158
2103810069
5024682655
9803205080
8707961299
8439262840
3025599027
3369027479
6012783673
7175032192
5023765046
4062495583
6624197042
8023992830
9513789688
2188216057
8632123600
4845383245
4172179192
8609829602
4125515010
3188168142
2675816598
2249443161
5737957746
5128000000
9182087903
8057320188
6145570532
5136078665
7015209854
5202560703
8653207326
7065850062
5676940163
9103811626
9314444155
9184417495
3523183503
5704492710
7573038468
6628165759
8016022879
3606067382
3309423288
9032446672
5024083741
4149159507
4845607850
3136295884
9415655692
5402738278
7203098630
9288213619
3139428896
3366872198
2146631325
7068324573
9128055688
6202820451
9704021997
7754009131
8632140321
8122391336
8033705232
6173121453
7738145399
5052042684
7314127288
3233144439
7135020074
3525848693
6087809947
2288609462
2108656482
4195438002
2312152014
6415255382
2053068308
4797994376
7244930907
7144690433
8179156629
2703395838
6014089997
9738858823
7722600609
4435477080
8038473136
2103741404
2818306757
6626606507
2702315746
7046891848
2526176779
2397703172
4405032287
7346244086
7176026296
9542049104
6183173811
9562266742
3614618367
6314495966
3187623900
8434530000
4356320113
9564584802
2676508023
5712179454
4797216141
5615966337
4099327139
9109165194
9403671695
5094063729
8037291372
9373449287
2704590510
5108288707
9376944637
6178999912
9163905318
2252050634
2074316484
9044726025
5738236897
3366897516
5702121878
7602006780
6789839540
3053421622
2547158298
3373567733
8134752486
3168802282
8433305485
7602245926
6625245343
4174386051
8477579885
2095967595
2094304449
3377396873
2144022251
6145624721
8087691131
9727405509
6502703286
5075600450
6187099975
5593180104
6062268143
8702096859
5103777860
5083080363
5047588752
9853517053
7022877653
5054892787
5704707246
5754428019
5038818116
5189559553
4072237096
6789532419
4782333061
6783589388
8705621564
2672531819
9084474812
9375417387
2392233986
8435095536
9176970461
4257506809
7652787920
9093227462
2544321455
6302014004
3047048579
5165678876
5042951297
3344418487
9033915780
5862152528
2183298081
9705801415
2393575588
2149951566
6084365015
6086333800
2157674033
3138541477
3134615159
2108635000
5093044788
8056120712
4079523420
3617285910
8505574524
8327985960
4144032354
7753859217
6602027043
6202180584
5708614302
2406043456
4194080468
7654703489
7189155502
9099380836
7022966235
9375611737
2252660563
5754413345
9897630514
2147936373
9408826950
3158630483
7723237533
6268311806
2396339396
7067163084
2032281104
3057633776
8284587708
6508145382
3024940495
2565571928
6029080577
3184999123
2523651030
8642092847
6144025985
4238954911
9852556836
6198220670
5302181861
2255731586
5106723958
4108122478
6077614210
6155213889
5177121964
6618169260
4109840363
3145682841
7146036911
6017700671
4086071897
5405958204
9103157704
9563514849
5038198472
9102574882
6122229481
6202180010
6017544373
3202889677
8656595017
7573058674
8155920140
8123438966
7204222496
2197461074
4094338040
6087786844
5122934289
8179011055
4323498212
8455054388
9124039460
2547471206
4048070063
2063836285
7159372341
9163086203
8432302436
7133032337
3038841235
3135744743
3378494305
4784848398
8436839098
7863876301
2704994863
6362084218
8473615088
5203445979
7087127859
2602052178
6019669922
9169562333
2393316468
5155757602
5713935931
8592301561
5615743791
4435624566
3027500960
3344245168
7814088481
5305130172
4155331490
9035088816
5135800921
7135450198
6149403797
2533147575
8622230992
8646174581
3345962796
9784733071
2166309624
3362077521
6514915121
6238269513
2567310824
8645065945
6153062170
7245160147
4197080987
9197962568
6232040964
4237377373
6204409526
2159549195
4059242678
4145525294
7406060643
7062860192
2674389845
2544792753
4192344201
2693668023
5867033870
8037305284
3316431893
3478706109
5016264318
7609649366
7273204813
8144347482
5157793609
2055739698
9512558243
4097901354
2257729703
9518135872
2052929174
2318860436
8186026068
4242338056
9546873548
8186353522
9198184858
5622215141
4434135082
3096488192
6186989025
9859916062
5153616391
2675951540
2817977196
3048882216
6507761065
2168325241
4698151531
9083996126
3135900770
7192299863
3365722682
2142136300
9183510528
3024238450
3362576301
5204090795
3183514703
2707271679
2065104151
7728287233
5182600578
2088801055
8327970998
6199445293
8477324084
8609666339
3142490230
2815416675
9733370938
3375151663
5155205039
8653350565
7739886501
8653155188
4058868102
9185212927
2094827001
6023279443
3173703524
5307080988
3122031392
8123612073
8593146798
5854744613
7405162020
2677381037
6626884164
8434964265
2176630782
3476828747
8135277904
5057308376
5735287948
9802984916
3235326146
2034449366
7138232743
3365777802
4195451341
4072300028
6362971783
6185794723
5635804932
9105845977
6462427081
9162576459
3214808610
8057481702
3373222925
2175202391
3142762531
4233356133
5627605559
6155125259
5595722910
6233962517
7202802351
2148505972
6092541609
2062955759
4196514938
8706355940
5868050059
9702349737
6108129882
6128020879
2083293072
9012154108
6017107636
3259339139
4074160428
2017550439
2566791973
7163813115
2535691230
5412562056
7075487947
2084203361
5595142714
2564314979
2693527785
6063042042
2186882573
4798061032
3183311446
5015140937
4233128511
8062821411
3865694801
8132930337
5124614883
7402190082
3132903663
5127483137
2602494137
9314093751
7272823928
4792950057
7752924642
3343131254
8023738968
5612221194
9733921903
8059085725
8138926869
4072011196
7725016995
2567444467
5157718965
3154392047
6463853299
8645670542
4128537099
7046192676
8588370042
3202939862
5613582489
6155823766
2602466398
4102583462
9187048343
3158970858
3524541216
3177521148
2676299005
5189658005
9033390953
4095535166
8704040718
4435216086
7044935745
5042057265
5059791371
8649231496
3135904395
3054695528
7862695681
8457720395
6038603392
8067295700
3035914044
6306669429
3612129342
7734917858
3602246186
7542810897
9202659419
2705641124
6302809165
5309199368
9892553580
3363923497
3373044673
5203006750
4695007956
3017878055
3477236455
9143560902
8173128048
3158135761
5203583644
7272078339
9035594840
3139200030
6189172086
6025509693
7018222705
2013171384
7162285544
9012751246
7046684438
3175235029
5612515704
8282439544
6077653726
8143865467
8125576557
4432400083
8035088417
8327311965
7047505286
3014621305
9175157495
5038390794
9313090627
8172238322
4083916750
8102102273
5303922938
7726780295
8436214768
4134260409
9568274090
2394311743
5202210947
2106027122
2053942617
6023189654
8435842081
3614434935
2034153900
5169722427
8708204456
4054761601
9566485933
6194956281
5134854586
3025078875
2108577367
4173894391
2146767571
4156084042
8063469138
7858067566
3176907415
6514918483
9282066746
7025750572
2158068934
9515366870
8593331088
3476801479
8176880519
5636503516
8043070765
5183780429
2259169762
4843530974
4402581286
2166184937
6083709611
7577717182
9702312995
7088335614
9177018081
8034044677
8643407091
9105785311
6105545190
9123183160
8014552476
2259934248
9096332553
7575822517
6263199066
9362122998
3374101475
5403912963
4175921517
3082274740
2016673154
3098386317
7196406312
5202652354
2606879006
7578972297
9545290918
8572618799
6024875328
8137818511
4142437122
8185644457
8177330696
3144588945
2149313991
8126317152
9517964872
9162034487
8594219372
8173710104
7146544890
9014970511
6096720606
6098925851
8439349942
8036061494
8282158763
8434596106
8016512182
3252718974
6617552750
4693070172
5859058989
4058120459
8142421889
8123197745
8585681314
5612483080
2197893371
8302204037
9547092945
3216629267
6154777724
8027389032
2162568207
2198056175
8046870239
3348061320
6508683860
8176300616
7277101878
5182026342
8283901289
6785311160
3475832332
7013312122
7327134128
3372588466
9562572244
4126121490
3362664116
4128779082
2068414947
3369788481
4086595609
2564545008
9283013395
9197272094
5409740253
5026126341
9169475704
8456633897
9096339039
9035563648
3366876475
2096057676
4178800786
3473376919
8135271046
9123239824
5592707719
4083096427
4355127051
7705987290
4193713500
6094988741
9206341734
5108671317
6076623034
2139247125
6232177796
6026728844
6318737582
6094251066
2073291217
7068193326
7025285606
5705070366
6236966010
3869833216
4695850153
9044005231
7862615604
9162670854
4043763699
6025700594
5098791378
9124280688
4127733000
5134002605
4173431165
7173090237
2294498972
7194299026
5127970731
7049569033
7406379523
8015978338
9367274796
3212626154
5303836736
4104749402
5854788076
8036655048
4436291275
9729511037
9083867052
9185650632
6023195287
5705784017
5053285278
2196697558
2246272379
6025651483
8142427611
8596135218
3379452978
3184390477
3035212338
2522697846
3343720021
8322263988
7164814059
4236083585
4042933741
6627702451
3346009293
2692740323
6615499376
8704085855
9012188849
4076150592
2177755718
3024388493
6082959562
3303241216
7022010283
3023330863
3137799580
3304321284
6623725570
5129397577
2629453130
2514228960
8574170212
5592132804
4802318706
2027018366
8649347427
6467241071
2035250968
9548291419
4147593154
7045721635
5745165140
2694203644
8042526833
4433407109
9187261755
9898591343
7173689506
5594163433
7178910513
6209510098
7048076743
8162262842
6613332767
5733308736
9043054851
6107047649
8035720278
4066727085
5025947196
9362153851
2403445997
3174359208
4078329810
7036294175
4058120397
8458665411
5406640687
6053668112
9199465269
2406265424
3177524541
5099100848
9732042776
2109709181
8473341611
2054310801
5158903624
7864737090
9176912922
4438446466
3162040664
2134401772
7272263737
6198550364
8043016864
8506933866
6789883177
2069785179
7406061644
8652747743
5032691682
8704130241
4143805557
9102315609
3303190767
3198309598
4083169768
8036003153
3368804017
5757034303
6093060808
9015680384
2027090118
2393843130
8124831935
8145668776
2392405280
7244935174
6014936286
6019135850
5025926671
5593943782
4789798526
5405051232
8457503559
6266958478
3076609248
6185594675
7653151502
8134943902
4089666679
8433337393
2094993671
2673038398
7249911617
2404086611
6102560635
4702480242
8172190837
2072406006
4173899158
6147353797
3028937660
8477364237
6786330560
7023789079
3072678230
9316250668
5037841475
7074811543
7798613385
3342024122
9188551593
9195225688
8634476104
8054064057
8506124576
9039267424
7573481614
6319653273
9126618566
7576025717
2099170268
9899157612
9192741507
5099698544
8023779789
4058386841
5166584851
2154503686
9134611569
8312463738
7074868151
2014157936
9164104159
4356191920
2018030297
8015975531
2546796815
5054122884
7012601156
5854694761
2035108436
9195203494
8642758312
3103441783
8709191852
2344004375
4796512889
8285419395
9014940925
6143238558
4024590412
6622135117
3377894549
8504960119
7275125338
3342675434
4059244223
7204344195
2095709027
6013420124
7044778023
6617332261
8064442001
3304460680
6203448214
3345443375
9187211639
8609222731
4846149172
4145194311
8143845633
5759372419
4074218719
6039918686
3042664237
6158096858
7196496662
4054735288
2054310128
6783144632
6307408756
4172341816
2085693876
9092582009
7742570044
5053737435
7866172770
3302123210
6305617862
9199228751
7022411084
7085676999
2565103899
5408194115
7316123635
5132276996
4157560926
3153738055
5025532321
4082039922
2199020048
3028242781
7572376621
6622926397
7202176843
9493224567
2133050922
3376606406
4124017539
4132197808
8136249271
2146498139
3373803948
7149815243
9175629977
9563696414
6512381185
7174132320
4438224359
6065410521
2393401752
6097443874
8434694626
5013220754
9192222615
2513773767
3606497530
5012975365
4842410653
8045518538
5034226121
7408772224
4236462267
3144373267
9198186786
9856870230
9014915182
7042000563
7343474743
3142582288
2564540476
6023193914
5038163164
8038426927
8434805219
8329546466
3026323029
4802060792
8657120564
2298698417
4193452411
5059299716
7864267438
2487703812
6628033614
5132594016
9167437196
5415135536
9728329551
9096486858
5405604129
8142428574
9259846558
9198889297
2257213706
4044497211
3058775857
2542526718
2672584499
5044130890
5856839608
3169907504
6232295810
4194948595
2139266589
8084699406
2297262774
2137936435
5152506761
3183721319
3104130758
9376701760
8033317386
3615504291
7086099805
2082503420
9122663053
2399804411
7034894447
5402930694
7208398364
3474449468
8034069646
9702101320
2154797059
8658057114
5053066304
9315750538
6036862536
8625209547
9093221327
9039221155
6063353838
4803290813
3182868469
8127361044
2294004539
3372774390
3342356474
5136166503
8607191926
9405949734
6269223309
3188203511
8046581090
6189107771
7733013256
2145498044
4065606450
7702896846
7173534489
4434699007
7324236496
8325778051
2085990079
6094989720
5408142679
5082412432
2088618480
6789822185
9126610984
2052604129
4077398489
2092775490
4022022580
5852853035
7132545611
3126990799
3176260497
2018519059
3093389831
7045344752
3524545071
5862659972
8015648408
5125846865
7176231760
8609082725
6063169015
6412604119
4026132217
2095420363
3136297364
3145607926
3089991021
7146790506
2248752638
8063150576
9203428054
6122725964
9542974246
4233607204
7313076817
3036670981
6184345929
3373244919
5802369213
4176643715
7144201269
4043582065
5125898377
3053038144
7734566407
7155332195
7032163804
3473565664
8503031407
5129399544
8508992054
3237187934
4056129751
6204049968
2242800455
2032283403
6166385714
5133014806
4095023979
7342501784
6627054480
8184049741
9566481365
8052534493
3093688202
8504289284
4015724410
7174661836
9196016856
9078303733
5127842839
8177072606
7657027085
5806412419
5415910569
6602874438
7854095638
3134121270
8436211675
2172209267
2168565762
9108495658
4702553778
5712131134
2053466691
6464215375
6019349050
9197564301
7022035202
4044544379
5179276117
5732687959
7197780338
3154397011
2392812003
5595802604
9496772662
5155715537
5618911589
9373050685
5755718485
8013190156
7178097790
9102972341
3236274899
2512813468
2075072997
4093518560
4128531621
2254099095
2547681402
8162898005
9185753171
5617061359
3475563628
8622569946
7312270642
7203732093
8132054805
2529071416
3126474520
3477124505
5854652840
8328934812
3524767954
4803095044
7315130815
5025981702
7063935160
9142584188
9566243605
3104672167
4434478297
2075770993
2404698335
2065791528
4012662604
3218059571
6083123976
5103296232
2072665530
4844379862
4135301025
5414042270
3142016398
9192231616
4357307600
5402202310
9175534252
3308066616
7705454241
2137258889
2053085800
3172921501
2702070220
4233717736
3092248759
6143737762
8652542544
5026453034
5208209340
7863514832
7035082255
2152859789
7196404217
4049777131
2155321703
7143666877
3602707555
5126199164
5034903578
6072211775
5023871840
5735133199
4077911612
8185108114
7737064297
6614358531
9193496021
9319529962
5204259653
7063475210
5417097079
5186307677
7606254135
5089650335
2093032361
9102334555
6463028875
5172420829
7752193757
8325159185
6054889847
8082201390
3216637403
4352565737
8087822278
7654182233
4694386378
9035370369
4238178934
3055466492
4329232875
6012598589
3022728604
4144186039
4343909233
3478096481
6313798611
2147623489
9194784128
8027826378
2029077584
2522866985
9184067782
6144029543
3057425373
4044386304
9375915776
2085906234
7752402771
3234394855
6062331267
4158456988
7723323799
2629892241
3237879717
8123719996
9156306886
9178566929
7735931822
7734250980
4433100756
2163141404
3304690389
5092632395
6103221188
6013205107
7039156748
5102949510
7143423341
4794660272
9804752530
6235700455
3173746050
7196710065
6602549119
2103912863
6623461580
3392251354
7162471917
3372631061
2012120634
8035132125
7275804078
4347108687
2196147297
2517211279
9124924069
2693860975
9729513020
7724759491
6095763219
6612080941
7048508503
2132802352
8596369899
6143293493
3364167785
9167610840
2565371720
7203663933
3129532389
2527231031
3614847598
2135033450
7404914566
8438141820
5869960262
4804327025
9513458177
9098008184
2182400085
7403046382
5632589632
2146414529
5152274434
5105899183
4806868170
7144695912
6465003179
7204668626
7817715461
7738353060
9012187519
7193378990
6789725991
2055047707
3145367470
7275425576
8126973485
4124989888
8596198435
8472098202
7146598160
9703339747
7652105190
2165363580
5802640642
7025029655
4056583067
9122209113
4145145265
4846504555
2602432924
7708731465
7244561293
7013816023
2182565309
3056133395
8648282465
2023215285
3163125019
3109683158
9184703229
8504856775
4107398591
2532669127
9032688409
3104154834
7176298006
7739529268
3138199220
5412802484
7868795301
4434147790
7245494394
3109918189
6183357617
9033161602
2167738318
8177062545
7572028735
3049236418
8478909101
3046100675
6154145334
7024012489
6013570933
4129803101
6418913360
4015483604
4138965204
6175717862
4085690198
8084307117
7017400077
8434531487
6195876070
4805297796
7137037814
2517862405
2142082130
9107591561
9892545927
2144783489
3144582539
3617395015
7185417236
9282161123
7606800166
2093243840
2623700212
9258950525
6268906578
4127588855
4172144081
7064647087
9316916304
4233305018
7163109267
3304073558
8436875769
8083814369
8562642014
7326167744
7209361575
9715061720
7867155370
8038049178
9858568041
2027631985
6302512755
6415219754
7207759991
4439877508
9189913406
6822342553
7706527010
4064171334
7087728371
8478289487
2066182155
7328595722
7164818377
3373514667
2062808783
5046665366
2087090217
4074929441
7404429037
7314424528
7656508546
3015297550
6154982971
4789785861
7049063893
8156167455
5305984439
7069701784
7543675345
3235199008
9514033346
3173619514
2292236559
8434558270
9375645072
3522089653
9794822834
8086400084
2144020005
6082138666
5209070878
8057087039
3186142548
7578182901
2524553146
3122178837
6025748682
3344941530
8594452673
3614554109
2704984957
9142581868
2154590896
7134081423
7026245900
6018828619
3039037941
9313780554
3172960252
6179628159
3016410183
6187812670
6083449119
5713186006
9196376719
9284018716
3058345156
2096030246
8126305013
4796441014
8179657115
3474839599
4054821932
3053036995
5015841003
8584493738
2544796609
8182598510
7579994567
6504523097
5047220203
4235020148
8657129769
3477738568
9512491617
6036082777
3162511955
6312750489
6084822299
3477395133
9515453084
3366921570
9072325898
9102575705
8328884485
5593509796
8018855567
6316721414
6099778249
6097077472
9045836295
7739918756
7575604108
2404612429
4795225556
3147996839
6033216549
8048944784
9417252552
3045334122
8176294000
9132123853
8608300608
6162839726
8036694376
4054378929
6146417237
3177274725
4175290718
7876382202
5624778794
2178208899
8153785463
3308031983
9792189090
9376045755
8106258640
7406029170
6154787800
9106257131
8179082051
9788281189
6155780817
8035244341
2293314902
4199577323
9365534117
3305098676
3617427802
8303996578
2095988471
5756313936
2316763863
6613426803
6056609731
4133022410
4436218423
3236170921
2158342993
9498424415
8505664235
3147126718
4044588862
4012153073
9787299296
5623052733
8478909906
4153078831
3602611603
5624175254
2012544634
7872091014
2549316155
2146363140
8457722531
5852056911
8603348969
3025384377
8142075957
4787194098
5802108656
7185138969
3109918667
5306159995
8642023944
6302344339
9512607854
8162269792
7156301551
6789739982
3072995579
8324170607
4248326029
3615223347
2546817658
6095795723
6082069500
8178059149
7065944818
8568998571
8287689241
6265122766
2549139084
9182827495
3215013993
7602700013
9144038307
6785310923
6026631976
6163084129
2057060650
4235442396
3374968604
8149340734
8503488588
9786013734
9373609782
3092652875
4794141670
4255016602
5057879865
3143747461
3343381747
7313582471
6237552395
3864795559
2313835720
9045010662
3252037377
2257764044
3093310258
7874281751
5402931037
5044427794
3185106517
7147251813
8325350272
9728046988
7725322021
4074481607
5407618695
3144985170
7193318397
5048848447
7172243097
8185160198
6096129157
5072791016
2294068404
7158171081
5708560432
7242081930
6019340515
2546691417
4792184708
3369883435
9492124329
9852587771
7163077999
7026839912
9362393956
8284475384
2284240120
7089905035
3016555007
6056703854
8044375885
5204407286
3175135291
9035161360
9378381592
2072323594
7027682271
5188488627
8504054567
8453258184
8156185014
3234811111
8062050362
5156895011
9039158650
8149343327
9288219454
6029893373
8177985904
2107847399
8158211921
4072213160
8124701809
2059036354
9282642003
6013073558
6306413021
2142156109
6202282530
8572064862
9014099763
6095028319
2489436208
3017063280
7607748381
2158408267
4807978114
5857303047
8133827478
6087511208
5615233015
3155593182
6185535918
9375325000
2096135869
3252347028
3093691106
8479893206
5133914421
7862592453
8707101248
6037022811
2543499961
7144234346
2097567138
5702334582
9739515273
9259802478
6025010573
7133923174
2164069150
7573778462
8652373550
9017349383
6055801405
2543388545
7148030919
7738514293
5057802396
7852592466
4044266959
7737168729
3233534151
4785959219
8287292388
2515998031
6023196217
2027337207
7134943709
4793537719
9517965944
2094567267
3176794801
4174394126
4172191884
2054730608
8328664963
2146220992
3343722607
4436298027
9855194702
2405787087
9083472452
9802088996
6093305136
3369654189
9062814997
9122202415
5754417455
7089164911
9147991422
4353134404
8634128249
8508432988
9312203977
6096385586
4196567327
4699510494
7575375067
2096882582
4404807173
5162330381
9373696678
7063311851
6012149823
2018196776
8434371833
8139655648
8323876973
9109644710
7194804590
9562261989
6192448947
8138337840
9513136297
2242481237
2156019708
8035864291
4085611393
5615238565
3214746250
6604413150
5743206043
9702754158
5135021210
9105087453
2814335698
5592603515
4234130076
5403356862
4043095998
9518236959
4254782818
3216829664
2544930996
7134713302
9177674826
8655855224
3374041639
7275644751
5053288457
8017877629
9788104316
7013886419
5613715015
8052361231
5635055794
9085003050
5024152981
3364675677
3306469002
7083783349
4252329957
4122879545
7708967382
4843331624
7708557154
6108427373
8015407301
2104216908
8145640986
8703149705
9313351828
3375687835
6155865389
7325014515
5867189977
3017581824
3309624210
7579905873
7735563576
7243554177
5055932553
4074033016
8439330824
3107101226
8082946068
6233419341
6465736622
6024867693
2817871810
5075899514
5025943204
8019219640
8302370285
2544953739
2036275220
8087802208
8643259373
3134059443
9723455043
6088440454
7022343573
4322719047
4097811789
5082715036
9377105363
6624192547
8149323264
8145123145
8622501288
8287681513
6107373779
3189183013
7325896137
8303051113
7192529411
3145411234
9373211315
9519053782
9374237150
6056829012
6162621231
5702208389
9035222234
5615246363
4129792848
8283051497
7314466222
8305342360
8703783274
2676088721
5738546829
5209041537
8572371806
2098897517
9188506743
9784139983
2298699416
7209850378
4016888052
7133014608
2293753333
5733827037
9284296715
2565950627
5134465160
5746060992
6097427175
2109957467
8433609805
3212011730
8172910474
7274216014
9257596783
7014499570
8062064975
5172042405
8472070217
5092179224
3046337514
3372463123
8282302836
3305753853
3046501243
3365834330
5032691157
6413510376
6784999880
7854102368
3195750705
7606080527
9895770225
6064161378
4042453800
9044034164
7175863995
7864737580
6165108345
5748559214
2396347438
8504261473
6153360095
2075987002
6032614963
2604134800
7578704704
2289184229
2514235553
4436873217
3145745495
7659779345
3049526123
5179373500
2246297500
7278104353
7173279781
2709574938
8437490066
9857500341
9125363240
8654417407
5754089967
6236405689
6064952527
3216636640
5732020654
2543682289
6615861670
5303639541
2144786757
8027824517
8055739999
6622136405
8166747876
9185770150
9044017718
2514904987
4407319427
2175492208
3199814900
7747669738
2079318947
8018313909
9032099944
2523401436
5054103095
7722856413
3306049328
5162386272
4044015936
2293009527
7852058616
4063011246
4158471555
7316075195
3212172115
9124280505
4126515643
5622015605
5862099285
5202497116
8654551921
8162668684
2033051803
3614616328
9199612548
9522213585
7407014197
2408930142
7174348699
4843666874
7407066599
7022852847
9287509032
4802381259
7249893275
8125211650
6154775649
7189166407
4406664805
6039910820
2543197952
6066694679
5132957232
8172910704
2523757422
3377397838
2602432911
2295293170
6092879140
8152749092
3138782258
5038908672
4252600337
4693603429
2192467816
5106880053
4088230543
5753610459
9036466924
8327264420
8455184262
9046547432
8327241338
5084516224
6785318168
8599920082
9376182816
8477360680
6413512057
3239720229
4095534793
7277414892
9018319251
7147687202
4234806383
9139157206
9183295003
5594083939
3302408840
3606704542
9133707350
8503810854
8282750684
5304120242
4133746290
6304940019
4196899404
2522879845
9517757040
8325669655
7045895385
2104210383
7733104122
2103876370
7403599198
9785493869
8284426137
5175811415
4054132766
6159794023
2294378486
8087411285
3307146482
8033072624
8039689599
3102928939
4084063052
5805832747
2058602590
8174702276
4352626933
8034399925
2396824220
3185574013
7276238479
8063108452
3235478709
2089890972
3123718388
3215949048
7029567950
2566728187
4175593123
5613085400
7702968271
5637940812
9037029468
4129720366
7406486411
4848600872
7737712520
7604203489
7322668063
5054220392
5626652393
4048896122
5735398986
7085953690
5413376038
8435046260
2517516859
2693392351
6309359137
7577784186
7542440806
5749038194
5103041383
4843570080
5622301972
3216829620
3092351398
4193044117
2076602919
2134582633
6052681361
7082896700
5405892872
8652162767
7087244563
7347405083
7572370974
9546951436
9048689456
9548221088
5756506457
4126566544
7067558467
6034864846
8082648745
9857914537
9106509604
2183241880
3182720386
7277689419
2095355130
3044814567
7044777660
5415543514
9516921831
5109384168
8704892091
3478291665
8172537910
2679802182
9103180862
9103816776
9407451002
7743316108
9172970192
9374027898
2094954038
4086467204
4088356266
3024196277
9377250576
5083285822
2155328720
2133098918
9287065783
9195840358
4074335031
5013980030
7316768872
2055800966
4849352423
9403676418
7652516724
9196212024
2403624684
7046920705
4794200877
9252061667
6025704907
8324189082
5074302431
7072965121
8284611087
5807368216
8015417015
9368999066
2145633003
7659693020
7048803548
8703403349
4782834404
5623880741
9016916698
8162057991
4157246424
2108156577
3302091762
5856156009
7015805338
8434334460
8054039201
4436211876
4407857222
7275151812
6093050224
8052601341
6092734393
2489336629
9012996001
2085997378
2052333430
7193308429
7733985455
2057530192
3175068244
3235716231
9164024779
7196612085
2253359696
7347185753
3048123642
3049390408
8323880957
6623035192
8649185452
7276235906
3474939955
7738023910
7707144379
9103155142
7084654654
9254357595
4193050605
6017613847
6786635549
5109098391
7315713001
5042324657
4152542814
5017733988
6084482876
2038503210
6628823740
2703499667
9183250219
6177857818
9208191837
3523220240
5052499258
3363623787
9543283302
7045127445
3304951663
7045774459
6085725336
9037484105
4055129914
3018021319
9198184698
2816386994
2564992075
5612014868
4232580448
6603490761
7874506564
2086153072
7132048679
9122472536
4062814787
7855771390
6192549080
9179254678
2059203154
8649188659
9192680536
3379128719
5742616146
5807606803
6626546792
3097065617
5413990286
5735358975
9095762318
9319805315
8084796075
2703395795
9418092306
7023361090
8155053638
8453047347
2532308818
8435446899
8705000999
4128411785
9035708880
2544791099
4783636029
7193606884
8706021177
7737988438
7573770962
8435327283
3199302860
4434143199
9039187228
3203902319
7046203959
7159051236
4028068819
3347071364
2529039457
6146579418
9147745414
8289641272
4075459805
3606091160
5054005770
3373515490
8596539909
9735836108
5075086747
8149358605
9374224612
9092131553
9727650805
3055271572
3137171943
8054437011
5024923539
4085616894
4065595656
3014403875
4197338131
8064438557
5165320668
2149148394
6062769740
2158084962
8043011402
5209772305
6066151705
8045193894
3048716786
3308533638
5045414365
7083080696
9108400940
6182505369
9132697361
3174762078
3366186158
3307155016
7692320881
5088471747
5802364304
3369643217
6128455200
3303130044
6189743979
2024276010
3184537734
9726938131
5132909920
5593513894
9196064156
7247343486
9108761705
3472452900
9177672522
7735128022
9132903449
4097907909
5072154571
7609893505
8323784471
7046615022
4234880547
3103671184
9149243181
8303390505
3616588567
3376361057
4326313111
3363386150
5597237665
6155002422
4083326047
6155686063
5708567838
5599052306
6784575110
2695124583
9097094956
2177254770
5128159357
5052806433
5088163034
6316720677
2564703305
6417512638
2024707267
2025312956
4092992136
7193376750
4805773393
7082058365
4022767507
9032859377
6038606321
3174453388
2817991144
6016586098
8083215165
5612897863
6614011951
2037882391
6613144707
7154501127
5038168984
4783165854
9014062268
9256830196
6622138077
8643865492
7652710369
9377019377
6155690536
5593006536
9364999207
7575760198
6623133306
9376819079
3522193739
5039995328
8032695417
5126269326
2196292666
5132547595
2487703329
8142429579
9512409622
6017386529
9039171936
8129100645
7175423653
2038875184
2093240090
4322138465
3374271379
9175579883
8018302489
3302602825
7139621170
3343909179
9173247957
6023493817
3867479075
7036090742
7313778598
4235038328
7066043987
2086970868
3342025963
8653202283
3366201863
3376589342
6058583117
7134921035
3306961147
2037338923
4172990799
2023225020
8085515131
9542577345
5017723691
8166457216
6157886239
4702190726
8708681784
5058793628
9189511749
4406558051
9152031074
3528163020
8122439369
4192978576
6187098692
6262335830
9177151494
8324597580
3252717655
3376550596
5203315768
9032271219
2156948273
9499331014
3092992334
5102066008
2605645428
9124140063
9728414164
4402890356
2394511933
2293928991
4407871304
3479779713
2694473693
6162921978
4323492973
7162595312
6787551398
2487703319
5135947932
8053411286
4237371780
8648120219
9142636933
5044501967
5038395509
6018080458
2068490676
4792803346
3057880309
2024874187
9252502096
6156897651
9178433467
6122824776
7138154148
5406829756
9175690505
9084034716
4232923120
6626432567
4083964437
8142079969
6189464487
4174374207
5165323235
8154830488
4023608358
8508300645
9038302177
6124083802
5107155543
9704679318
7145952253
7752032437
5712357741
7573231711
6148930634
2628934195
5209402747
3309378987
8167239837
9154339730
6037812781
8162847440
5623130276
5082083179
7145855541
2677389812
8323537122
7036292065
5404069113
4693860766
4783631801
7755132266
8182334175
9086161483
5038073201
6624172578
9703970306
6192444475
8137436738
7065804655
8046836135
9096419030
5085176298
6105138466
3153739066
3174322667
3373512589
3092212706
2146767666
3372158314
3044901048
7732203362
2523786062
8128417289
9109772680
3344399762
7402088791
9124217013
5165578638
6095193402
2815125016
8599832603
5712164874
9198880332
4322542625
2293099944
9563136918
7864994482
3038084733
6627106923
3046331192
9564549004
5703511024
2484971607
5204194304
8706270153
7084207047
4172490418
9852157759
2523142132
3043601987
2103675868
3035885581
9048949172
3096456718
3364267028
6623159674
7203653873
7068256487
2164102088
4084298725
8122618436
4153366183
6208995981
6094137172
9042639985
2034941815
7272184432
5106121560
7745780233
2693693708
7046490072
4138220991
2076501331
2766085368
5403547544
3046708933
2193025706
8142422489
5596181007
2108859975
9702700368
7174198672
6127476957
2059284315
3045433408
4074177965
5107060649
8014255365
2035653366
6784634300
8124835993
4239436445
8706482219
7042236944
4023194459
5613121334
9203668158
4233623807
5705290059
2017729165
7702316689
5042501713
3608409769
3605181414
2052695599
4074897599
6083701283
7858064142
4104224145
3142819256
8137018615
2183908178
5035997278
4796536492
7708618168
2029072289
2408329766
4352620876
8593210067
7862900793
2194483043
5852056045
4026694743
6033966441
5073504563
4174834182
9545518272
4174508414
8035565700
7327736140
2542266397
3082491248
4802271568
5033302229
3253206807
9132929057
7852188237
9186882357
3306005365
7408152610
9564343229
8036827892
9253250559
2014231845
2175069189
8157215040
6199225851
8056377821
6412034918
2087578254
7038630176
3392060227
4696853548
3153605370
7014262387
8013809711
7147458652
9108809454
2059206625
8282911013
9032838639
4799039019
6026211073
6162953815
6509216549
6312762982
6318758302
8032723475
6128399291
9168323980
3615588076
7198214773
5049082908
2172467910
4043796880
4242001939
3605618814
3146514018
8648725227
4086434334
5013047879
7063609841
8437317131
8504852022
4322710401
7064156918
8317947745
8325450182
6613501691
4199539276
6503077103
7862051957
9186294489
7164815170
5098313709
8307432359
2024922493
2709992887
3344127442
2142893202
2146952320
8057503228
8036641635
7165631925
7326445963
2199736274
3363246846
8105778777
5638803832
2102131322
3145742030
8708721533
7654656223
9148444757
5404486585
9897788368
7864885753
6154740321
7206353575
8647845128
9542742458
4172096126
7734409242
7024994126
4787145289
8083512929
8016541435
3524316714
2145359923
5742758053
6318043038
9032046190
9317830261
6144833487
5805146395
4086651737
9044667762
7572896655
9206279694
8438602225
4044842814
2609057128
5057139656
5039264913
9794180905
7022711348
6122370613
7577182934
4173890636
2624168346
3373177746
2292211952
9039526419
2056019260
8165890658
5592891565
2762180200
8283404741
6628161023
5157156631
8062153290
7406246432
9548825858
5025943385
3522744713
2174307342
2294127000
6308283046
2162188116
6307479531
9785498653
5415105503
7138235866
6306882216
9155257372
9083004898
6145815041
5713275566
9412044886
6096363364
2035227696
4194947319
3369070547
6059566985
3523034171
8044052902
3152127468
8643536704
7022758361
9034959615
9033059585
3862887511
2147180177
4152545669
5207275251
8479776651
6142904025
5035165827
7243950483
3214581241
6625191069
4092012682
9179419293
6467634274
4048404148
4122900895
6017289476
2017046895
9567466837
9515708136
2702935618
6784572780
7862277693
9566393963
3183144742
8068916670
6146197107
3378529254
2082900372
9289613660
4435186209
4048678564
5152091093
3344290251
4702220788
5126444542
2066696242
3477851193
5016990200
3039023021
8434254978
8143845572
8052601942
9738513965
8082183529
6063713176
6788733725
2623591180
8473431427
8507748399
8013301031
9122534068
2679701579
3019087746
2693586106
5803803056
7407037737
9513235382
2038878102
5303549124
9133141161
4193717305
6087990785
8632331594
2034171852
5095402836
7155519157
5416803236
9175018223
3474556163
2144585355
6064830835
7073210015
7655207364
2078384752
4085681354
7083150662
9082025492
7576135790
8436353422
7192894523
3134343911
8434691789
8643638725
6175010474
3147532091
6198925642
4692264763
3343385265
6155735518
9499395482
9033485340
8507286753
2019183856
5159437784
4193886080
2177409160
6028129650
9102078975
9366622171
4843540221
2184030174
3054310708
8167185156
2703390232
3155201500
5405565593
7085012507
7652652026
3154898911
8054283112
7192982874
7815102745
3862127414
9707595456
2523146755
7202434236
4029682504
8185998947
8325633669
2566081230
2677844236
9403909690
5012778804
8304446019
6233265906
2812247261
4437992339
7178169913
2085731940
5714555607
5017738641
3183934063
6623974465
9037873413
3043203840
2609080415
8016452916
5018917623
6014151835
2818507251
8134164198
9807291188
3479285838
3303603948
6198896049
3308108763
9312497101
9044046650
2099881521
8432878744
8176378513
4798314831
4096781349
2523201822
7158511289
3046576228
8122022645
7028089373
8132979136
2515105675
5404763019
6465441742
9162246279
2542164684
8323746404
5016133735
2605680091
5712641143
3237427020
6624584997
4142021325
8703171721
9189552004
7729854826
3135888058
8014500889
7147918942
3023995917
4695446590
9413025782
4237740478
3057737193
8187404373
7605410274
7068168542
9033306555
8155430597
9546618545
2317091201
6414813147
6095755322
9186949910
7576423334
8019416868
8433109011
7202800973
4053611461
7202334809
9373137955
2034176434
9142756220
4236770133
3343601671
2027021375
7405841523
5178771675
3052057428
6514024155
7149815803
3038093117
8432527185
3258009876
7202091370
9412092892
6202039220
7577106282
7854051080
6143328615
6672161318
7087851319
7036232275
4077902925
2146734622
6013822657
7605406924
3059875655
8652374977
9188224537
3473276445
9033161412
8287124417
5403258685
9312655444
8059013540
3023129657
8129720339
4802428027
4056386754
2766170778
4328896140
4049096793
7652534852
8434942010
3039294051
9176599989
6307650725
6265230502
7066994848
7575729055
5189561323
3193100449
3472787054
3523616786
7652380977
6308053262
7088336075
6014661454
4194080928
2533150983
2532791963
2149315418
4846806603
7314375673
6165481895
3522151264
8643807189
3367058766
2768705838
5085611866
8066201270
3143263391
8644343043
6066163364
7017930952
8182774143
2194489309
2187805939
4096599799
3172815419
8287766264
8176808960
9519612406
8089378340
8593144618
2812701693
6059208780
2142807965
5162866439
3234257928
6072593626
4408401725
8168043469
7602232764
2252444951
2522569197
9705535453
5015545738
7863978496
3129525858
3045636291
5013436059
9566247950
2522685030
5309453682
2283346558
3122825189
6316800804
5126656449
8284428570
4044447330
5615843472
5742389180
7063888557
7692442483
5735769186
4074637840
9805223061
5599060921
9165085118
4058213716
7088708370
8313209010
8505014170
4692783858
6125818970
7208856958
3375784992
7632504622
3344767531
3104358484
4074541116
3155166800
9392864451
7347871912
3015808229
8172231032
2099687757
5057103332
5139673771
5204195019
2313921705
4075584147
6147462364
6093060737
6197944043
8153863696
2404985695
6629982553
5157260893
3364709518
3472782278
6603427276
5184610332
4015951580
2409889488
2034961311
7817380305
4234941948
8152198117
6085475672
7154514997
2174977790
8643450005
7735523807
2483028774
7195885454
4237411899
8303293637
2602719074
6189181617
4434166543
3363122786
3103466668
9496335492
5125658511
2258109644
6465797950
4156062612
2177667229
6516000710
5047225222
6613120702
7732948339
3035989886
6502016517
3362675452
3014125690
2094966102
4094749149
8152583358
3372444005
9376242699
5705995294
3343241000
6192075534
2538319017
3035220797
7024007316
9173346054
7049076591
7089275203
2767327307
9257856614
2053883511
8132128463
2197719032
5024578777
8153470264
3863018308
5203397283
2063310839
7143606923
8633703558
5806958079
2515088909
2546400474
3302857330
3047301684
8125609074
8056600548
5092803072
9856885260
3195753635
5734271543
4257726624
3234823992
5156693181
8582543459
8287299604
7736216129
5098792675
9187344034
7085378410
3149742581
2102905912
7656032201
6166901169
8642053698
9144974488
2486672418
3253018492
3035882876
3209056835
5039131423
5176140947
8034208931
2258067134
5865965356
8589220180
2142871374
5165470723
8125839337
3195726898
5172856391
2149068770
4095944703
3023547674
2167989745
2105502356
4803077978
3185330643
6092223599
2189106761
9375591519
8457643281
4345792100
7173411098
7732309542
8056129683
8043328096
3162175252
9283772025
3046158562
6788634733
9282763620
3128909508
8042553741
8046512969
4126801305
3025634058
2814356327
